1101
1102
1216
1301
1303
1326
1402
1590
2002
2105
2207
2303
2308
2317
2327
2330
2357
2379
2382
2395
2408
2412
2454
2474
2633
2801
2881
2882
2884
2885
2886
2887
2891
2892
2912
3008
3034
3045
3711
4904
4938
5871
5876
5880
6415
6505
6669
8046
9910
1210
1227
1229
1476
1477
1504
1605
1717
1722
1802
1907
2027
2049
2059
2101
2201
2227
2301
2313
2324
2337
2344
2345
2347
2352
2353
2354
2356
2360
2376
2377
2383
2385
2404
2409
2441
2449
2458
2492
2542
2603
2606
2609
2610
2615
2618
2809
2812
2823
2834
2845
2883
2888
2889
2890
2915
3005
3023
3037
3044
3189
3231
3406
3443
3481
3532
3533
3576
3653
3661
3665
3682
3702
3706
3714
4958
5269
5522
6176
6213
6239
6271
6278
6285
6409
6456
6531
6592
8454
8464
9904
9914
9917
9921
9941
9945